la valeur exacte de K


-1 -4 0
-1 -5 0
-1 -6 0
-1 -7 0
-1 -8 0
-1 -9 0
-1 -10 0
-2 -3 0
-2 -4 0
-2 -5 0
-2 -6 0
-2 -7 0
-2 -8 0
-2 -9 0
-2 -10 0
-3 -4 0
-3 -5 0
-3 -6 0
-3 -7 0
-3 -8 0
-3 -9 0
-3 -10 0
-4 -5 0
-4 -6 0
-4 -7 0
-4 -8 0
-4 -9 0
-4 -10 0
-5 -6 0
-5 -7 0
-5 -8 0
-5 -9 0
-5 -10 0
-6 -7 0
-6 -8 0
-6 -9 0
-6 -10 0
-7 -8 0
-7 -9 0
-7 -10 0
-8 -9 0
-8 -10 0
-9 -10 0
1 2 0
1 10 0
2 3 0
3 4 0
4 5 0
5 6 0
6 7 0
7 8 0
8 9 0
9 10 0


Cas k=2
-1 -3 0
-2 -4 0
-1 -5 0
-2 -6 0
-1 -7 0
-2 -8 0
-1 -9 0
-2 -10 0
-1 -11 0
-2 -12 0
-1 -13 0
-2 -14 0
-1 -15 0
-2 -16 0
-1 -17 0
-2 -18 0
-1 -19 0
-2 -20 0
-3 -5 0
-4 -6 0
-3 -7 0
-4 -8 0
-3 -9 0
-4 -10 0
-3 -11 0
-4 -12 0
-3 -13 0
-4 -14 0
-3 -15 0
-4 -16 0
-3 -17 0
-4 -18 0
-3 -19 0
-4 -20 0
-5 -7 0
-6 -8 0
-5 -9 0
-6 -10 0
-5 -11 0
-6 -12 0
-5 -13 0
-6 -14 0
-5 -15 0
-6 -16 0
-5 -17 0
-6 -18 0
-5 -19 0
-6 -20 0
-7 -9 0
-8 -10 0
-7 -11 0
-8 -12 0
-7 -13 0
-8 -14 0
-7 -15 0
-8 -16 0
-7 -17 0
-8 -18 0
-7 -19 0
-8 -20 0
-9 -11 0
-10 -12 0
-9 -13 0
-10 -14 0
-9 -15 0
-10 -16 0
-9 -17 0
-10 -18 0
-9 -19 0
-10 -20 0
-11 -13 0
-12 -14 0
-11 -15 0
-12 -16 0
-11 -17 0
-12 -18 0
-11 -19 0
-12 -20 0
-13 -15 0
-14 -16 0
-13 -17 0
-14 -18 0
-13 -19 0
-14 -20 0
-15 -17 0
-16 -18 0
-15 -19 0
-16 -20 0
-17 -19 0
-18 -20 0
1 3 2 4 0
1 19 2 20 0
3 5 4 6 0
5 7 6 8 0
7 9 8 10 0
9 11 10 12 0
11 13 12 14 0
13 15 14 16 0
15 17 16 18 0
17 19 18 20 0


Cas k=3
-1 -4 0
-2 -5 0
-3 -6 0
-1 -7 0
-2 -8 0
-3 -9 0
-1 -10 0
-2 -11 0
-3 -12 0
-1 -13 0
-2 -14 0
-3 -15 0
-1 -16 0
-2 -17 0
-3 -18 0
-1 -19 0
-2 -20 0
-3 -21 0
-1 -22 0
-2 -23 0
-3 -24 0
-1 -25 0
-2 -26 0
-3 -27 0
-1 -28 0
-2 -29 0
-3 -30 0
-4 -7 0
-5 -8 0
-6 -9 0
-4 -10 0
-5 -11 0
-6 -12 0
-4 -13 0
-5 -14 0
-6 -15 0
-4 -16 0
-5 -17 0
-6 -18 0
-4 -19 0
-5 -20 0
-6 -21 0
-4 -22 0
-5 -23 0
-6 -24 0
-4 -25 0
-5 -26 0
-6 -27 0
-4 -28 0
-5 -29 0
-6 -30 0
-7 -10 0
-8 -11 0
-9 -12 0
-7 -13 0
-8 -14 0
-9 -15 0
-7 -16 0
-8 -17 0
-9 -18 0
-7 -19 0
-8 -20 0
-9 -21 0
-7 -22 0
-8 -23 0
-9 -24 0
-7 -25 0
-8 -26 0
-9 -27 0
-7 -28 0
-8 -29 0
-9 -30 0
-10 -13 0
-11 -14 0
-12 -15 0
-10 -16 0
-11 -17 0
-12 -18 0
-10 -19 0
-11 -20 0
-12 -21 0
-10 -22 0
-11 -23 0
-12 -24 0
-10 -25 0
-11 -26 0
-12 -27 0
-10 -28 0
-11 -29 0
-12 -30 0
-13 -16 0
-14 -17 0
-15 -18 0
-13 -19 0
-14 -20 0
-15 -21 0
-13 -22 0
-14 -23 0
-15 -24 0
-13 -25 0
-14 -26 0
-15 -27 0
-13 -28 0
-14 -29 0
-15 -30 0
-16 -19 0
-17 -20 0
-18 -21 0
-16 -22 0
-17 -23 0
-18 -24 0
-16 -25 0
-17 -26 0
-18 -27 0
-16 -28 0
-17 -29 0
-18 -30 0
-19 -22 0
-20 -23 0
-21 -24 0
-19 -25 0
-20 -26 0
-21 -27 0
-19 -28 0
-20 -29 0
-21 -30 0
-22 -25 0
-23 -26 0
-24 -27 0
-22 -28 0
-23 -29 0
-24 -30 0
-25 -28 0
-26 -29 0
-27 -30 0
1 4 2 5 3 6 0
1 28 2 29 3 30 0
4 7 5 8 6 9 0
7 10 8 11 9 12 0
10 13 11 14 12 15 0
13 16 14 17 15 18 0
16 19 17 20 18 21 0
19 22 20 23 21 24 0
22 25 23 26 24 27 0
25 28 26 29 27 30 0


Cas k=4
-1 -5 0
-2 -6 0
-3 -7 0
-4 -8 0
-1 -9 0
-2 -10 0
-3 -11 0
-4 -12 0
-1 -13 0
-2 -14 0
-3 -15 0
-4 -16 0
-1 -17 0
-2 -18 0
-3 -19 0
-4 -20 0
-1 -21 0
-2 -22 0
-3 -23 0
-4 -24 0
-1 -25 0
-2 -26 0
-3 -27 0
-4 -28 0
-1 -29 0
-2 -30 0
-3 -31 0
-4 -32 0
-1 -33 0
-2 -34 0
-3 -35 0
-4 -36 0
-1 -37 0
-2 -38 0
-3 -39 0
-4 -40 0
-5 -9 0
-6 -10 0
-7 -11 0
-8 -12 0
-5 -13 0
-6 -14 0
-7 -15 0
-8 -16 0
-5 -17 0
-6 -18 0
-7 -19 0
-8 -20 0
-5 -21 0
-6 -22 0
-7 -23 0
-8 -24 0
-5 -25 0
-6 -26 0
-7 -27 0
-8 -28 0
-5 -29 0
-6 -30 0
-7 -31 0
-8 -32 0
-5 -33 0
-6 -34 0
-7 -35 0
-8 -36 0
-5 -37 0
-6 -38 0
-7 -39 0
-8 -40 0
-9 -13 0
-10 -14 0
-11 -15 0
-12 -16 0
-9 -17 0
-10 -18 0
-11 -19 0
-12 -20 0
-9 -21 0
-10 -22 0
-11 -23 0
-12 -24 0
-9 -25 0
-10 -26 0
-11 -27 0
-12 -28 0
-9 -29 0
-10 -30 0
-11 -31 0
-12 -32 0
-9 -33 0
-10 -34 0
-11 -35 0
-12 -36 0
-9 -37 0
-10 -38 0
-11 -39 0
-12 -40 0
-13 -17 0
-14 -18 0
-15 -19 0
-16 -20 0
-13 -21 0
-14 -22 0
-15 -23 0
-16 -24 0
-13 -25 0
-14 -26 0
-15 -27 0
-16 -28 0
-13 -29 0
-14 -30 0
-15 -31 0
-16 -32 0
-13 -33 0
-14 -34 0
-15 -35 0
-16 -36 0
-13 -37 0
-14 -38 0
-15 -39 0
-16 -40 0
-17 -21 0
-18 -22 0
-19 -23 0
-20 -24 0
-17 -25 0
-18 -26 0
-19 -27 0
-20 -28 0
-17 -29 0
-18 -30 0
-19 -31 0
-20 -32 0
-17 -33 0
-18 -34 0
-19 -35 0
-20 -36 0
-17 -37 0
-18 -38 0
-19 -39 0
-20 -40 0
-21 -25 0
-22 -26 0
-23 -27 0
-24 -28 0
-21 -29 0
-22 -30 0
-23 -31 0
-24 -32 0
-21 -33 0
-22 -34 0
-23 -35 0
-24 -36 0
-21 -37 0
-22 -38 0
-23 -39 0
-24 -40 0
-25 -29 0
-26 -30 0
-27 -31 0
-28 -32 0
-25 -33 0
-26 -34 0
-27 -35 0
-28 -36 0
-25 -37 0
-26 -38 0
-27 -39 0
-28 -40 0
-29 -33 0
-30 -34 0
-31 -35 0
-32 -36 0
-29 -37 0
-30 -38 0
-31 -39 0
-32 -40 0
-33 -37 0
-34 -38 0
-35 -39 0
-36 -40 0
1 5 2 6 3 7 4 8 0
1 37 2 38 3 39 4 40 0
5 9 6 10 7 11 8 12 0
9 13 10 14 11 15 12 16 0
13 17 14 18 15 19 16 20 0
17 21 18 22 19 23 20 24 0
21 25 22 26 23 27 24 28 0
25 29 26 30 27 31 28 32 0
29 33 30 34 31 35 32 36 0
33 37 34 38 35 39 36 40 0


Cas k=5
-1 -6 0
-2 -7 0
-3 -8 0
-4 -9 0
-5 -10 0
-1 -11 0
-2 -12 0
-3 -13 0
-4 -14 0
-5 -15 0
-1 -16 0
-2 -17 0
-3 -18 0
-4 -19 0
-5 -20 0
-1 -21 0
-2 -22 0
-3 -23 0
-4 -24 0
-5 -25 0
-1 -26 0
-2 -27 0
-3 -28 0
-4 -29 0
-5 -30 0
-1 -31 0
-2 -32 0
-3 -33 0
-4 -34 0
-5 -35 0
-1 -36 0
-2 -37 0
-3 -38 0
-4 -39 0
-5 -40 0
-1 -41 0
-2 -42 0
-3 -43 0
-4 -44 0
-5 -45 0
-1 -46 0
-2 -47 0
-3 -48 0
-4 -49 0
-5 -50 0
-6 -11 0
-7 -12 0
-8 -13 0
-9 -14 0
-10 -15 0
-6 -16 0
-7 -17 0
-8 -18 0
-9 -19 0
-10 -20 0
-6 -21 0
-7 -22 0
-8 -23 0
-9 -24 0
-10 -25 0
-6 -26 0
-7 -27 0
-8 -28 0
-9 -29 0
-10 -30 0
-6 -31 0
-7 -32 0
-8 -33 0
-9 -34 0
-10 -35 0
-6 -36 0
-7 -37 0
-8 -38 0
-9 -39 0
-10 -40 0
-6 -41 0
-7 -42 0
-8 -43 0
-9 -44 0
-10 -45 0
-6 -46 0
-7 -47 0
-8 -48 0
-9 -49 0
-10 -50 0
-11 -16 0
-12 -17 0
-13 -18 0
-14 -19 0
-15 -20 0
-11 -21 0
-12 -22 0
-13 -23 0
-14 -24 0
-15 -25 0
-11 -26 0
-12 -27 0
-13 -28 0
-14 -29 0
-15 -30 0
-11 -31 0
-12 -32 0
-13 -33 0
-14 -34 0
-15 -35 0
-11 -36 0
-12 -37 0
-13 -38 0
-14 -39 0
-15 -40 0
-11 -41 0
-12 -42 0
-13 -43 0
-14 -44 0
-15 -45 0
-11 -46 0
-12 -47 0
-13 -48 0
-14 -49 0
-15 -50 0
-16 -21 0
-17 -22 0
-18 -23 0
-19 -24 0
-20 -25 0
-16 -26 0
-17 -27 0
-18 -28 0
-19 -29 0
-20 -30 0
-16 -31 0
-17 -32 0
-18 -33 0
-19 -34 0
-20 -35 0
-16 -36 0
-17 -37 0
-18 -38 0
-19 -39 0
-20 -40 0
-16 -41 0
-17 -42 0
-18 -43 0
-19 -44 0
-20 -45 0
-16 -46 0
-17 -47 0
-18 -48 0
-19 -49 0
-20 -50 0
-21 -26 0
-22 -27 0
-23 -28 0
-24 -29 0
-25 -30 0
-21 -31 0
-22 -32 0
-23 -33 0
-24 -34 0
-25 -35 0
-21 -36 0
-22 -37 0
-23 -38 0
-24 -39 0
-25 -40 0
-21 -41 0
-22 -42 0
-23 -43 0
-24 -44 0
-25 -45 0
-21 -46 0
-22 -47 0
-23 -48 0
-24 -49 0
-25 -50 0
-26 -31 0
-27 -32 0
-28 -33 0
-29 -34 0
-30 -35 0
-26 -36 0
-27 -37 0
-28 -38 0
-29 -39 0
-30 -40 0
-26 -41 0
-27 -42 0
-28 -43 0
-29 -44 0
-30 -45 0
-26 -46 0
-27 -47 0
-28 -48 0
-29 -49 0
-30 -50 0
-31 -36 0
-32 -37 0
-33 -38 0
-34 -39 0
-35 -40 0
-31 -41 0
-32 -42 0
-33 -43 0
-34 -44 0
-35 -45 0
-31 -46 0
-32 -47 0
-33 -48 0
-34 -49 0
-35 -50 0
-36 -41 0
-37 -42 0
-38 -43 0
-39 -44 0
-40 -45 0
-36 -46 0
-37 -47 0
-38 -48 0
-39 -49 0
-40 -50 0
-41 -46 0
-42 -47 0
-43 -48 0
-44 -49 0
-45 -50 0
1 6 2 7 3 8 4 9 5 10 0
1 46 2 47 3 48 4 49 5 50 0
6 11 7 12 8 13 9 14 10 15 0
11 16 12 17 13 18 14 19 15 20 0
16 21 17 22 18 23 19 24 20 25 0
21 26 22 27 23 28 24 29 25 30 0
26 31 27 32 28 33 29 34 30 35 0
31 36 32 37 33 38 34 39 35 40 0
36 41 37 42 38 43 39 44 40 45 0
41 46 42 47 43 48 44 49 45 50 0


Cas k=6
-1 -7 0
-2 -8 0
-3 -9 0
-4 -10 0
-5 -11 0
-6 -12 0
-1 -13 0
-2 -14 0
-3 -15 0
-4 -16 0
-5 -17 0
-6 -18 0
-1 -19 0
-2 -20 0
-3 -21 0
-4 -22 0
-5 -23 0
-6 -24 0
-1 -25 0
-2 -26 0
-3 -27 0
-4 -28 0
-5 -29 0
-6 -30 0
-1 -31 0
-2 -32 0
-3 -33 0
-4 -34 0
-5 -35 0
-6 -36 0
-1 -37 0
-2 -38 0
-3 -39 0
-4 -40 0
-5 -41 0
-6 -42 0
-1 -43 0
-2 -44 0
-3 -45 0
-4 -46 0
-5 -47 0
-6 -48 0
-1 -49 0
-2 -50 0
-3 -51 0
-4 -52 0
-5 -53 0
-6 -54 0
-1 -55 0
-2 -56 0
-3 -57 0
-4 -58 0
-5 -59 0
-6 -60 0
-7 -13 0
-8 -14 0
-9 -15 0
-10 -16 0
-11 -17 0
-12 -18 0
-7 -19 0
-8 -20 0
-9 -21 0
-10 -22 0
-11 -23 0
-12 -24 0
-7 -25 0
-8 -26 0
-9 -27 0
-10 -28 0
-11 -29 0
-12 -30 0
-7 -31 0
-8 -32 0
-9 -33 0
-10 -34 0
-11 -35 0
-12 -36 0
-7 -37 0
-8 -38 0
-9 -39 0
-10 -40 0
-11 -41 0
-12 -42 0
-7 -43 0
-8 -44 0
-9 -45 0
-10 -46 0
-11 -47 0
-12 -48 0
-7 -49 0
-8 -50 0
-9 -51 0
-10 -52 0
-11 -53 0
-12 -54 0
-7 -55 0
-8 -56 0
-9 -57 0
-10 -58 0
-11 -59 0
-12 -60 0
-13 -19 0
-14 -20 0
-15 -21 0
-16 -22 0
-17 -23 0
-18 -24 0
-13 -25 0
-14 -26 0
-15 -27 0
-16 -28 0
-17 -29 0
-18 -30 0
-13 -31 0
-14 -32 0
-15 -33 0
-16 -34 0
-17 -35 0
-18 -36 0
-13 -37 0
-14 -38 0
-15 -39 0
-16 -40 0
-17 -41 0
-18 -42 0
-13 -43 0
-14 -44 0
-15 -45 0
-16 -46 0
-17 -47 0
-18 -48 0
-13 -49 0
-14 -50 0
-15 -51 0
-16 -52 0
-17 -53 0
-18 -54 0
-13 -55 0
-14 -56 0
-15 -57 0
-16 -58 0
-17 -59 0
-18 -60 0
-19 -25 0
-20 -26 0
-21 -27 0
-22 -28 0
-23 -29 0
-24 -30 0
-19 -31 0
-20 -32 0
-21 -33 0
-22 -34 0
-23 -35 0
-24 -36 0
-19 -37 0
-20 -38 0
-21 -39 0
-22 -40 0
-23 -41 0
-24 -42 0
-19 -43 0
-20 -44 0
-21 -45 0
-22 -46 0
-23 -47 0
-24 -48 0
-19 -49 0
-20 -50 0
-21 -51 0
-22 -52 0
-23 -53 0
-24 -54 0
-19 -55 0
-20 -56 0
-21 -57 0
-22 -58 0
-23 -59 0
-24 -60 0
-25 -31 0
-26 -32 0
-27 -33 0
-28 -34 0
-29 -35 0
-30 -36 0
-25 -37 0
-26 -38 0
-27 -39 0
-28 -40 0
-29 -41 0
-30 -42 0
-25 -43 0
-26 -44 0
-27 -45 0
-28 -46 0
-29 -47 0
-30 -48 0
-25 -49 0
-26 -50 0
-27 -51 0
-28 -52 0
-29 -53 0
-30 -54 0
-25 -55 0
-26 -56 0
-27 -57 0
-28 -58 0
-29 -59 0
-30 -60 0
-31 -37 0
-32 -38 0
-33 -39 0
-34 -40 0
-35 -41 0
-36 -42 0
-31 -43 0
-32 -44 0
-33 -45 0
-34 -46 0
-35 -47 0
-36 -48 0
-31 -49 0
-32 -50 0
-33 -51 0
-34 -52 0
-35 -53 0
-36 -54 0
-31 -55 0
-32 -56 0
-33 -57 0
-34 -58 0
-35 -59 0
-36 -60 0
-37 -43 0
-38 -44 0
-39 -45 0
-40 -46 0
-41 -47 0
-42 -48 0
-37 -49 0
-38 -50 0
-39 -51 0
-40 -52 0
-41 -53 0
-42 -54 0
-37 -55 0
-38 -56 0
-39 -57 0
-40 -58 0
-41 -59 0
-42 -60 0
-43 -49 0
-44 -50 0
-45 -51 0
-46 -52 0
-47 -53 0
-48 -54 0
-43 -55 0
-44 -56 0
-45 -57 0
-46 -58 0
-47 -59 0
-48 -60 0
-49 -55 0
-50 -56 0
-51 -57 0
-52 -58 0
-53 -59 0
-54 -60 0
1 7 2 8 3 9 4 10 5 11 6 12 0
1 55 2 56 3 57 4 58 5 59 6 60 0
7 13 8 14 9 15 10 16 11 17 12 18 0
13 19 14 20 15 21 16 22 17 23 18 24 0
19 25 20 26 21 27 22 28 23 29 24 30 0
25 31 26 32 27 33 28 34 29 35 30 36 0
31 37 32 38 33 39 34 40 35 41 36 42 0
37 43 38 44 39 45 40 46 41 47 42 48 0
43 49 44 50 45 51 46 52 47 53 48 54 0
49 55 50 56 51 57 52 58 53 59 54 60 0


